Accuracy: 0.806426465511322
Precision: 0.7748194744006541
Recall: 0.7576005589320106
F1 Score: 0.7598147032451853