Accuracy: 0.8247367143630981
Precision: 0.7954178343335541
Recall: 0.7797836709528125
F1 Score: 0.7818195162346718